"","Relative Compactness","Surface Area","Wall Area","Roof Area","Heating Load","Cooling Load"
"Relative Compactness",1,-0.991,-0.205,-0.868,0.62,0.633
"Surface Area",-0.991,1,0.199,0.879,-0.657,-0.672
"Wall Area",-0.205,0.199,1,-0.29,0.453,0.425
"Roof Area",-0.868,0.879,-0.29,1,-0.861,-0.862
"Heating Load",0.62,-0.657,0.453,-0.861,1,0.975
"Cooling Load",0.633,-0.672,0.425,-0.862,0.975,1
