"","Relative Compactness","Surface Area","Wall Area","Roof Area","Heating Load","Cooling Load"
"Relative Compactness",1,-0.994,-0.248,-0.813,0.621,0.648
"Surface Area",-0.994,1,0.248,0.812,-0.622,-0.649
"Wall Area",-0.248,0.248,1,-0.173,0.459,0.412
"Roof Area",-0.813,0.812,-0.173,1,-0.755,-0.755
"Heating Load",0.621,-0.622,0.459,-0.755,1,0.969
"Cooling Load",0.648,-0.649,0.412,-0.755,0.969,1
